1.843135369134673240e+01
1.763550157721148537e+01
1.682105359249871412e+01
1.598907630960557036e+01
1.514062600694239435e+01
2.063570068647481293e+01
1.981151537128015505e+01
1.896656094533802417e+01
1.810199751286527103e+01
1.721896929021236389e+01
1.631860573593177577e+01
2.204740825842267071e+01
2.117480702845223206e+01
2.028044036399377958e+01
1.936555461700283232e+01
1.843137444662895774e+01
1.747910538772224243e+01
2.344129159580888810e+01
2.251986416465746288e+01
2.157578752679842893e+01
2.061039494440873909e+01
1.962499178411581369e+01
1.862085282473119818e+01
2.576169415856003297e+01
2.481590762091715519e+01
2.384525034024238366e+01
2.285118066905318912e+01
2.183512066542890295e+01
2.079845435063368342e+01
1.974252670125746789e+01
2.716440878410351090e+01
2.616973638373509203e+01
2.514946294197124033e+01
2.410514461762056371e+01
2.303829186343756064e+01
2.195036451030569680e+01
2.084277668283263552e+01
2.956137136182193004e+01
2.854521648432303138e+01
2.750115957783214071e+01
2.643091271513927509e+01
2.533618737131306986e+01
2.421846969179024356e+01
2.307934466267443696e+01
2.192029018917287786e+01
3.096786171570444068e+01
2.990240430678761641e+01
2.880849907528676468e+01
2.768796650956345218e+01
2.654255470735914102e+01
2.537394010325156302e+01
2.418372773020394462e+01
2.297345318037705297e+01
3.343392653678488102e+01
3.234940275808626353e+01
3.123403527108649058e+01
3.008983978852217334e+01
2.891874359973157382e+01
2.772258590963058467e+01
2.650311870395419689e+01
2.526201025135202372e+01
2.400084810522353962e+01
3.483865560807455353e+01
3.370398663709357834e+01
3.253815368504450589e+01
3.134329231877773125e+01
3.012143134248474396e+01
2.887449399895946911e+01
2.760430140811876143e+01
2.631257744014367006e+01
2.500095086891759166e+01
3.736677971517039509e+01
3.621493815518717696e+01
3.502942883220038084e+01
3.381263272165279687e+01
3.256679954996953086e+01
3.129405196019771651e+01
2.999638916360351004e+01
2.867569197502698231e+01
2.733373167274934801e+01
2.597216684837709977e+01
3.876364468526922735e+01
3.756037259848967835e+01
3.632339424849055831e+01
3.505521997346122021e+01
3.375820460441529036e+01
3.243455343631534049e+01
3.108632984921625564e+01
2.971546196609441282e+01
2.832375135477328243e+01
2.691288265902347732e+01
4.134700488934278440e+01
4.012784245269681094e+01
3.887235619112809104e+01
3.758336385331063667e+01
3.626349462618514252e+01
3.491519582012507072e+01
3.354074325384103616e+01
3.214224760989192475e+01
3.072167095078734178e+01
2.928083327816700887e+01
2.782142570906983181e+01
4.396206729861969364e+01
4.272886708272414324e+01
4.145648268947166315e+01
4.014809786100349243e+01
3.880666521975407335e+01
3.743491652303892891e+01
3.603537373529969301e+01
3.461036492134611819e+01
3.316203249825230159e+01
3.169235452593058966e+01
3.020315431761397562e+01
2.869611482298964233e+01
4.536062045491134143e+01
4.407289084009800462e+01
4.274643964465424517e+01
4.138460498591861381e+01
3.999045419272952984e+01
3.856680032914893985e+01
3.711621843655353103e+01
3.564106593485796282e+01
3.414349985364311379e+01
3.262549297189879383e+01
3.108885356104323705e+01
2.953523970257436204e+01
4.802040588975052771e+01
4.671883614913758009e+01
4.537554477753932503e+01
4.399433315617638840e+01
4.257866847357644957e+01
4.113170602249360286e+01
3.965631293350915598e+01
3.815509100503219742e+01
3.663040447854854875e+01
3.508439680109201220e+01
3.351901821229478173e+01
3.193603978956108236e+01
3.033707833002813814e+01
5.070565435570718904e+01
4.939171710956843242e+01
4.803271400750254827e+01
4.663300718618284435e+01
4.519654492208315588e+01
4.372688954387883342e+01
4.222724856444573049e+01
4.070051091587993852e+01
3.914927478746351852e+01
3.757587891278752323e+01
3.598243160521314365e+01
3.437083343283295278e+01
3.274280210596306517e+01
3.109989298876270070e+01
5.341389663861171044e+01
5.208904068081152161e+01
5.071534382282735010e+01
4.929786162194601218e+01
4.784112074604953335e+01
4.634917215048432837e+01
4.482562849965280805e+01
4.327370984949064336e+01
4.169628648035012475e+01
4.009591724575122385e+01
3.847488636971522169e+01
3.683523638390794019e+01
3.517879863721477562e+01
3.350720932914555306e+01
3.182194516906749726e+01
5.480844686703738233e+01
5.342097304457874429e+01
5.198625850433511886e+01
5.050955068920315227e+01
4.899548231552159194e+01
4.744815184251801554e+01
4.587116180002029608e+01
4.426769650975214887e+01
4.264056793535473844e+01
4.099225048240960234e+01
3.932493506305440434e+01
3.764057741662622902e+01
3.594090864231633731e+01
3.422747255051576332e+01
3.250164851792708731e+01
5.754772163101404914e+01
5.614727920814840445e+01
5.469567486799237344e+01
5.319904299585995489e+01
5.166274188180513960e+01
5.009143426790703302e+01
4.848919137636005416e+01
4.685955600140194122e+01
4.520561723710150659e+01
4.353007310291345533e+01
4.183528573594093558e+01
4.012332817399001073e+01
3.839602523254616528e+01
3.665498694790176870e+01
3.490164175713761807e+01
3.313725382084864890e+01
6.030456723804081065e+01
5.889176252145359314e+01
5.742329967109790800e+01
5.590643599695550847e+01
5.434741856482506961e+01
5.275161221839585579e+01
5.112362494430966109e+01
4.946741125853510113e+01
4.778638437703847330e+01
4.608347671738467000e+01
4.436121932228818565e+01
4.262181631062885145e+01
4.086718344289893423e+01
3.909899079876287686e+01
3.731871230553588248e+01
3.552763240381057841e+01
3.372688361392232537e+01
6.307696192109768418e+01
6.165226587751296705e+01
6.016668236195492625e+01
5.862891630462699055e+01
5.704633110410279784e+01
5.542513592343455286e+01
5.377057811473205362e+01
5.208708353162514726e+01
5.037841529966971166e+01
4.864775391232114288e+01
4.689781476649141467e+01
4.513093308836212003e+01
4.334911194839358473e+01
4.155407804038504338e+01
3.974732975795508594e+01
3.793017196778928479e+01
3.610374545092721377e+01
3.426905767408544534e+01
6.442651756785600980e+01
6.292309615140553092e+01
6.136321492398282373e+01
5.975565420870751865e+01
5.810766869519599709e+01
5.642525937889735133e+01
5.471339687404747565e+01
5.297621622298612465e+01
5.121717984369746546e+01
4.943919008917024627e+01
4.764469640758741775e+01
4.583576683088910642e+01
4.401416350660074528e+01
4.218140489347441502e+01
4.033878746534958282e+01
3.848744397560203367e+01
3.662833888975961116e+01
3.476233912721376385e+01
6.568964213426593801e+01
6.410571988088983630e+01
6.247109475688543512e+01
6.079432052175998535e+01
5.908229512174089848e+01
5.734060154821298028e+01
5.557377633175594411e+01
5.378554792379352278e+01
5.197897306776340542e+01
5.015659563579978908e+01
4.832053160324915098e+01
4.647255106728032814e+01
4.461416824327143615e+01
4.274666140541793169e+01
4.087112522874861043e+01
3.898850005743280889e+01
3.709960324177929891e+01
3.520514918223518208e+01
6.685214208998807806e+01
6.518748630743431249e+01
6.347919833650249899e+01
6.173521979044599561e+01
5.996178813251705719e+01
5.816385938077662843e+01
5.634538629895801876e+01
5.450957662649234692e+01
5.265899986185480230e+01
5.079579179337898864e+01
4.892170159196756885e+01
4.703820060058022534e+01
4.514649606697179962e+01
4.324761803501493773e+01
4.134245959954795069e+01
3.943177718180849922e+01
3.751621852452167616e+01
3.559635176334830220e+01
6.789819473475836276e+01
6.615472366567769313e+01
6.437577915781776028e+01
6.256828163659286446e+01
6.073753675567174071e+01
5.888767446874280864e+01
5.702193698698859947e+01
5.514289599579304735e+01
5.325261781029690411e+01
5.135277550351161580e+01
4.944473953490934548e+01
4.752964302509509764e+01
4.560842780754064307e+01
4.368188757854447601e+01
4.175069580834567518e+01
3.981540609058247782e+01
3.787651376454024899e+01
3.593443380797065601e+01
6.881037764048380723e+01
6.699277613105741125e+01
6.514853292270234419e+01
6.328318785481264541e+01
6.140089079215692891e+01
5.950479002989815314e+01
5.759732245327682421e+01
5.568040428352814075e+01
5.375554729200209891e+01
5.182396805593442934e+01
4.988665771296307128e+01
4.794442731105669964e+01
4.599795398279582059e+01
4.404778353149691839e+01
4.209439010335943721e+01
4.013817629044399382e+01
3.817948097540409691e+01
3.621860095254879752e+01
6.957091930148472159e+01
6.768729697376497256e+01
6.578586981704080472e+01
6.387053722063826910e+01
6.194414988928043897e+01
6.000884938459026330e+01
5.806626906921574971e+01
5.611767425765238926e+01
5.416404590981306200e+01
5.220618202240126493e+01
5.024471461303129871e+01
4.828017032518032181e+01
4.631296433774695487e+01
4.434345034310330647e+01
4.237193449634168019e+01
4.039866852813189269e+01
3.842386632038559213e+01
3.644771227911074618e+01
