2.495565921665247444e+01
2.467433021474413124e+01
2.436169083810692371e+01
2.401829635534309659e+01
2.364479854782112511e+01
2.324189206128480123e+01
2.281031356618257178e+01
2.235083549737495190e+01
2.186426249348563644e+01
2.135142825789107235e+01
2.081319085808748071e+01
2.025042948016007571e+01
1.966404080412983646e+01
1.905493608723122634e+01
1.842403718770495757e+01
1.777227533438451346e+01
1.710058756007394720e+01
1.640991452649229387e+01
2.686823485370326381e+01
2.656330566923655567e+01
2.622438364951146639e+01
2.585216533858445231e+01
2.544740233218229619e+01
2.501089386477511312e+01
2.454348340619475266e+01
2.404605284586926217e+01
2.351951783743349367e+01
2.296482319113240322e+01
2.238293756511247423e+01
2.177484931105360033e+01
2.114156238143060307e+01
2.048409238561578860e+01
1.980346312359534267e+01
1.910070395790974018e+01
1.837684564975519308e+01
1.763291912097747272e+01
2.877769657797637848e+01
2.844833695952057084e+01
2.808230487044326296e+01
2.768040500066657472e+01
2.724350199318283927e+01
2.677251073471591880e+01
2.626839500212497569e+01
2.573215922365123731e+01
2.516484193169814532e+01
2.456751005461738657e+01
2.394125320551340153e+01
2.328717825815704856e+01
2.260640499818309124e+01
2.190006231792091995e+01
2.116928519655264651e+01
2.041519923198888264e+01
1.963893991803983496e+01
1.884162225836117699e+01
3.068355522013963466e+01
3.032890803645754474e+01
2.993486337786517737e+01
2.950234395962259626e+01
2.903231415368567880e+01
2.852588241131540769e+01
2.798411683703402275e+01
2.740815844202373697e+01
2.679918206214456333e+01
2.615838916242804402e+01
2.548700120414940073e+01
2.478625354587198615e+01
2.405738870551296316e+01
2.330165225427989384e+01
2.252028892466296028e+01
2.171453765495836663e+01
2.088562957941198306e+01
2.003478437035888859e+01
3.258540849513465076e+01
3.220452651721250703e+01
3.178146009485282164e+01
3.131727641212330226e+01
3.081311508437332947e+01
3.027017566948844518e+01
2.968970909638957778e+01
2.907301021598040336e+01
2.842140489405204207e+01
2.773624243841375758e+01
2.701888864699141379e+01
2.627071719607907596e+01
2.549310275682454474e+01
2.468741684403045156e+01
2.385502251383826788e+01
2.299726981778227142e+01
2.211549161603318225e+01
2.121100140965590697e+01
3.448287776441520691e+01
3.407468469813579048e+01
3.362146879797015941e+01
3.312446049176098484e+01
3.258496725396447147e+01
3.200435862262737174e+01
3.138405802671682210e+01
3.072552979310187027e+01
3.003026617372076146e+01
2.929977827528940892e+01
2.853558748881326679e+01
2.773921629792180354e+01
2.691218224483105459e+01
2.605598950147397375e+01
2.517212144872084778e+01
2.426204364281297998e+01
2.332719419340147482e+01
2.236898227051253940e+01
3.637536694603031862e+01
3.593867144767035882e+01
3.545406022443847860e+01
3.492295906427653307e+01
3.434685777581417909e+01
3.372732036360382324e+01
3.306596160233097237e+01
3.236443442104543777e+01
3.162441569964623866e+01
3.084759362427952922e+01
3.003565727397148422e+01
2.919028831151101500e+01
2.831315305166780050e+01
2.740589299643555776e+01
2.647012163210897384e+01
2.550741924662017368e+01
2.451933044754555624e+01
2.350736007576494302e+01
3.826224362324131789e+01
3.779573554272903380e+01
3.727837171227881186e+01
3.671177956951882493e+01
3.609767371651434331e+01
3.543783550670270444e+01
3.473409572259533462e+01
3.398831623091221843e+01
3.320237581150614403e+01
3.237815467177439643e+01
3.151752544721379579e+01
3.062233728210182448e+01
2.969441012398775825e+01
2.873553092267498599e+01
2.774744350645816482e+01
2.673184543435615979e+01
2.569038498554640171e+01
2.462466264692178797e+01
4.014283122318929031e+01
3.964504411244998749e+01
3.909340490196846929e+01
3.848978804498671025e+01
3.783615469632048445e+01
3.713453203870879804e+01
3.638699068415952809e+01
3.559562469374920113e+01
3.476253327125516535e+01
3.388980495697492756e+01
3.297950470875871787e+01
3.203365947080442311e+01
3.105425483389445773e+01
3.004322272497731916e+01
2.900244104401348011e+01
2.793371954296809179e+01
2.683881030939658530e+01
2.571940147967516310e+01
4.201631459100190824e+01
4.148562248115079854e+01
4.089803748115684812e+01
4.025571328342750377e+01
3.956089338823306889e+01
3.881588213593149561e+01
3.802301800733026482e+01
3.718465030672673066e+01
3.630311798767523612e+01
3.538073246987359255e+01
3.441976282043577839e+01
3.342242529342940571e+01
3.239086923182509281e+01
3.132717624885990659e+01
3.023335320265408299e+01
2.911132952797347428e+01
2.796295325963415124e+01
2.678999559732340430e+01
4.388178464097224207e+01
4.331637815081947451e+01
4.269099603421128819e+01
4.200811693222217258e+01
4.127030484763307072e+01
4.048017511939721658e+01
3.964036461163262004e+01
3.875350178756789177e+01
3.782218513782338221e+01
3.684896382801178305e+01
3.583632646862859161e+01
3.478667680575010479e+01
3.370233758908917565e+01
3.258554345849292844e+01
3.143841945778834202e+01
3.026300411711201477e+01
2.906123356808026159e+01
2.783495826065732004e+01
4.573808661972181255e+01
4.513596557422921052e+01
4.447076068421915807e+01
4.374532058802025603e+01
4.296257385539014706e+01
4.212548442500722956e+01
4.123701644077485895e+01
4.030010340781236522e+01
3.931762216670896493e+01
3.829237294492774879e+01
3.722706445745077275e+01
3.612430013349994340e+01
3.498656803964642847e+01
3.381624501216190026e+01
3.261558802966516168e+01
3.138673617269604321e+01
3.013171552527042252e+01
2.885243874147404597e+01
4.758408613635991458e+01
4.694300209096377330e+01
4.623571445015085146e+01
4.546549905108601308e+01
4.463569525383401526e+01
4.374965662985734127e+01
4.281070844628737859e+01
4.182211331881723737e+01
4.078704372988929805e+01
3.970856168105154893e+01
3.858960130410741129e+01
3.743296172706695302e+01
3.624130048050596287e+01
3.501713183580373112e+01
3.376282911005779397e+01
3.248062077698406114e+01
3.117260248313040805e+01
2.984074179512354874e+01
4.941829607571089156e+01
4.873574760256533267e+01
4.798388876298967887e+01
4.716648522506404362e+01
4.628734160591099567e+01
4.535024318495302964e+01
4.435890887439143881e+01
4.331695369144037500e+01
4.222786078561686907e+01
4.109495922762685183e+01
3.992141335213832321e+01
3.871021483980960909e+01
3.746417970429004640e+01
3.618594798256493306e+01
3.487799327996417276e+01
3.354262368106932968e+01
3.218199368677294814e+01
3.079810985570804149e+01
5.123896192122213478e+01
5.051216532988394192e+01
4.971299998345542548e+01
4.884579128521045988e+01
4.791486580125949502e+01
4.692448512040300557e+01
4.587879291520702196e+01
4.478177654761117310e+01
4.363723899962356256e+01
4.244878143027030859e+01
4.121979102504499082e+01
3.995344187059409791e+01
3.865269595977500217e+01
3.732030719545053188e+01
3.595883252737687030e+01
3.457064114935969457e+01
3.315792803061986405e+01
3.172272052789292474e+01
5.304402977813230535e+01
5.226988423002674011e+01
5.142040619198783702e+01
5.050055854282080503e+01
4.951525020795261156e+01
4.846926223974170256e+01
4.736719279254554493e+01
4.621341563331093738e+01
4.501205633808810802e+01
4.376698182995220066e+01
4.248179403964781642e+01
4.115983337251968521e+01
3.980418822258721434e+01
3.841770444109284455e+01
3.700300222197783029e+01
3.556249173630475724e+01
3.409838288385135030e+01
3.261270922029908093e+01
5.483104599254584599e+01
5.400608401417840554e+01
5.310301077298751693e+01
5.212748305981591557e+01
5.108505412338988805e+01
4.998106500687596565e+01
4.882058814733179730e+01
4.760839244492649414e+01
4.634892261484828424e+01
4.504629768677320101e+01
4.370431174254077433e+01
4.232644864302183407e+01
4.091589854340966070e+01
3.947557268079923176e+01
3.800812801512381611e+01
3.651598821471341694e+01
3.500136382470478225e+01
3.346626670855176400e+01
5.659704043387286276e+01
5.571747851841316646e+01
5.475721017021697179e+01
5.372273318513072127e+01
5.262030517396795659e+01
5.145586048801492751e+01
5.023495863670627415e+01
4.896275710566605710e+01
4.764400371081278962e+01
4.628304429610867032e+01
4.488383527832275632e+01
4.344997237384838229e+01
4.198471233290064930e+01
4.049100159788052622e+01
3.897150641275126759e+01
3.742863063063663276e+01
3.586455519717916474e+01
3.428125228612046982e+01
5.833850968343857346e+01
5.740007747818695094e+01
5.637872608878932823e+01
5.528185462533798500e+01
5.411647658223095192e+01
5.288914133736636103e+01
5.160589081559088953e+01
5.027225120554131621e+01
4.889324104026050577e+01
4.747339226942370516e+01
4.601678582572228038e+01
4.452708741129119829e+01
4.300757613484710618e+01
4.146119667478231463e+01
3.989058541271526792e+01
3.829810548318296526e+01
3.668587692661120059e+01
3.505580532976566843e+01
6.005109424863681511e+01
5.904912654445187314e+01
5.796252651494072694e+01
5.679967678230376293e+01
5.556838268954621185e+01
5.427580637524181384e+01
5.292844938017919532e+01
5.153216410665201863e+01
5.009218920499932892e+01
4.861318931316054659e+01
4.709931277816627926e+01
4.555424069416231703e+01
4.398123666084887873e+01
4.238319535106217728e+01
4.076268666123457507e+01
3.912199487038586199e+01
3.746315217437419420e+01
3.578797342759366984e+01
6.172949732309295712e+01
6.065891309131103526e+01
5.950266955133167812e+01
5.827019672956547680e+01
5.697009797274358078e+01
5.561012026514284656e+01
5.419716590932760880e+01
5.273734740750675343e+01
5.123604915364465029e+01
4.969800070591853824e+01
4.812734997696708916e+01
4.652773370441872913e+01
4.490234041706506218e+01
4.325396972693683040e+01
4.158508446308663054e+01
3.989785614255855251e+01
3.819419780276393794e+01
3.647580876942599559e+01
6.336721422686242988e+01
6.222255662568950640e+01
6.099213640633111311e+01
5.968645306527915295e+01
5.831487297585603358e+01
5.688565099888005960e+01
5.540600180576867473e+01
5.388219762310524175e+01
5.231967364666270015e+01
5.072313182347151184e+01
4.909664150204832112e+01
4.744372717815465990e+01
4.576743944512205076e+01
4.407043459548926734e+01
4.235502612831660230e+01
4.062323460599083091e+01
3.887683252244085708e+01
3.711738227387057520e+01
6.495621951568500663e+01
6.373176508919557648e+01
6.242265282242851754e+01
6.104041252049965038e+01
5.959507102950129820e+01
5.809526113972731309e+01
5.654836936642551848e+01
5.496069527110735464e+01
5.333760407713378271e+01
5.168366582550871158e+01
5.000278095797393973e+01
4.829828255863287723e+01
4.657302813687498855e+01
4.482947786265970080e+01
4.306975608542455802e+01
4.129570426591460119e+01
3.950892193616240178e+01
3.771080327281109135e+01
6.648659506860889223e+01
6.517655893024421232e+01
6.378451174907882404e+01
6.232286882461771427e+01
6.080212688954996736e+01
5.923109646522244276e+01
5.761714762503715548e+01
5.596644053600967794e+01
5.428412598627484442e+01
5.257452450456039372e+01
5.084127089235698804e+01
4.908743404631965035e+01
4.731561939542193329e+01
4.552803667479826544e+01
4.372658547945892593e+01
4.191289625220945680e+01
4.008837776633258443e+01
3.825425289045401911e+01
6.794609255208798970e+01
6.654498368107906003e+01
6.506640318575134074e+01
6.352336393358037725e+01
6.192652992361447417e+01
6.028461268604509371e+01
5.860472730361888694e+01
5.689269693654097892e+01
5.515330477554081767e+01
5.339050151546143752e+01
5.160755514622694307e+01
4.980719943331649802e+01
4.799172582103764029e+01
4.616306556237112346e+01
4.432286286262896624e+01
4.247251196179117727e+01
4.061321250922761550e+01
3.874600164503888067e+01
6.931966683802488660e+01
6.782285907146885506e+01
6.625532796904128929e+01
6.463020745752001517e+01
6.295790861241827230e+01
6.124669452396967984e+01
5.950315211702533702e+01
5.773255302488539087e+01
5.593914974488762226e+01
5.412640241993843659e+01
5.229713989120784845e+01
5.045369216674437496e+01
4.859799595789205284e+01
4.673166964800299183e+01
4.485607570463665184e+01
4.297236838817264726e+01
4.108153914519161987e+01
3.918441798322511715e+01
7.058903773272866999e+01
6.899361643119537746e+01
6.733660490017140887e+01
6.563058742083019581e+01
6.388518859145445816e+01
6.210782313307748126e+01
6.030425715172383150e+01
5.847901468618942999e+01
5.663568033162750481e+01
5.477712172767516563e+01
5.290565613997507910e+01
5.102317275454977619e+01
4.913122518939718475e+01
4.723110355365781032e+01
4.532387699495244249e+01
4.341045457628993631e+01
4.149160536381720021e+01
3.956798442725146003e+01
7.173243725016541816e+01
7.003836366273408487e+01
6.829410178363066564e+01
6.651084734465601400e+01
6.469685992711964673e+01
6.285831872859765923e+01
6.099991121316597997e+01
5.912524427324829190e+01
5.723712699561697548e+01
5.533777850223058437e+01
5.342896813327423189e+01
5.151212435970281689e+01
4.958841234038369805e+01
4.765879092855112731e+01
4.572405646795343159e+01
4.378487945514111601e+01
4.184181270668582897e+01
3.989533658481197165e+01
