3.410838233788662137e+02
3.432655007801239435e+02
3.454367694291166799e+02
3.475968156318389788e+02
3.497448568777446098e+02
3.518801987762168437e+02
3.540022318035615285e+02
3.561104363905317882e+02
3.582043841461427860e+02
2.837336450762801277e-01
2.348230352880824601e+00
4.397708803956191126e+00
6.432084506002807345e+00
8.451354843236764225e+00
1.045559197839188315e+01
1.244494400706353154e+01
1.441962740540881249e+01
1.637992358585885100e+01
3.413814915788974531e+02
3.435944186652166650e+02
3.457949544462346694e+02
3.479820847842675562e+02
3.501548974676603621e+02
3.523125889916069013e+02
3.544544644700036429e+02
3.565799399541124330e+02
3.586885423995262272e+02
7.799034928308666847e-01
2.853767228530166289e+00
4.909974973759075212e+00
6.948470165280795641e+00
8.969290268272111177e+00
1.097256258075405455e+01
1.295850007588678032e+01
1.492739310617797699e+01
1.687960677853935465e+01
3.417088490493608219e+02
3.439560715060711686e+02
3.461885729296279806e+02
3.484051732213402488e+02
3.506048210654796549e+02
3.527866029886534989e+02
3.549497389133117053e+02
3.570935839355110488e+02
3.592176277728003697e+02
1.321491473824179641e+00
3.404923186812533142e+00
5.467793092874862815e+00
7.510089419395020727e+00
9.531912122320880698e+00
1.153346716061606081e+01
1.351503708804102288e+01
1.547701942324953173e+01
1.741986688000448424e+01
3.420682942229527157e+02
3.443529506274752521e+02
3.466202126046346734e+02
3.488687250161040652e+02
3.510973335585473478e+02
3.533049337076757297e+02
3.554906994874322095e+02
3.576539340101020343e+02
3.597941028736326530e+02
1.910828524757483438e+00
4.003885827925790508e+00
6.073192678217791851e+00
8.118799948954176671e+00
1.014088636317159065e+01
1.213974902653724541e+01
1.411579167895970954e+01
1.606951781952509961e+01
1.800151986729719411e+01
3.424624245317785949e+02
3.447878094978477748e+02
3.470927425472117420e+02
3.493756758146149082e+02
3.516352627437140654e+02
3.538703629958810097e+02
3.560800422448148197e+02
3.582635630825510589e+02
4.203850178172748309e-01
2.550152680254704762e+00
4.652693871379770307e+00
6.727997215725224578e+00
8.776206410344453701e+00
1.079761026239090782e+01
1.279262833171837421e+01
1.476179819453965969e+01
1.670576270128000829e+01
1.862525959752869298e+01
3.428941927231162481e+02
3.452637822527717049e+02
3.476094071948117517e+02
3.499293178578705010e+02
3.522220150412019848e+02
3.544862536697608562e+02
3.567210369131891525e+02
3.589256082395849603e+02
1.099444335915837900e+00
3.242243507988962214e+00
5.353911221066137927e+00
7.434542913570169276e+00
9.484411790204518411e+00
1.150394813268737515e+01
1.349372163527152679e+01
1.545443636655878983e+01
1.738690610940083658e+01
1.929204246915479359e+01
3.433670880695586334e+02
3.457845422618506177e+02
3.481739945915755925e+02
3.505334827229316943e+02
3.528613611262312020e+02
3.551562904735695838e+02
3.574172340731809641e+02
3.596434451596164763e+02
1.834451400060497006e+00
3.990037754230985723e+00
6.110227205580585519e+00
8.195261285547104535e+00
1.024557815367169944e+01
1.226178810037382227e+01
1.424465697142881027e+01
1.619508519059975526e+01
1.811409033444794048e+01
2.000278812801563078e+01
3.438850693603623654e+02
3.463542352928052992e+02
3.487907481564382124e+02
3.511924374516023590e+02
3.535575156249960287e+02
3.558845720512352955e+02
3.581725594474276022e+02
4.207779550527099288e-01
2.628847322229737049e+00
4.796687935520782986e+00
6.924493176962288388e+00
9.012694158228928387e+00
1.106193848949444458e+01
1.307306574473027538e+01
1.504707617296383226e+01
1.698510823954411464e+01
1.888841642347917471e+01
2.075835439806316884e+01
3.444526766399296207e+02
3.469775974054166454e+02
3.494645023903476613e+02
3.519110128460367832e+02
3.543152208841677293e+02
3.566756764999772145e+02
3.589913660812049443e+02
1.261684466509630287e+00
3.486402863452872758e+00
5.665633376472651861e+00
7.799793359048559971e+00
9.889565623971209973e+00
1.193586867241708305e+01
1.393981751654212431e+01
1.590269675850726649e+01
1.782592218965613640e+01
1.971102610381537801e+01
2.155962930741383943e+01
3.450751484679045120e+02
3.476600578129678638e+02
3.502007538039443943e+02
3.526946629999293350e+02
3.551397900259161133e+02
3.575346934659841622e+02
3.598784518443455340e+02
2.170622827723519777e+00
4.411197380169079807e+00
6.600552112381737224e+00
8.739400893598974207e+00
1.082874858948235897e+01
1.286984276769811508e+01
1.486413591191511152e+01
1.681324577083359628e+01
1.871892127960004970e+01
2.058301021220351501e+01
2.240743642949522041e+01
3.457585442822899040e+02
3.484078556205562904e+02
3.510057741341532278e+02
3.535495620280856315e+02
3.560371875540687938e+02
3.584672850384466187e+02
8.391062884343748474e-01
3.152457964135145119e+00
5.407640484373765766e+00
7.605383901607829067e+00
9.746786697228142060e+00
1.183325177174324949e+01
1.386643425128003848e+01
1.584819229424961584e+01
1.778053111046744661e+01
1.966557731165401535e+01
2.150553566849941944e+01
2.330267069624829190e+01
3.465098137220855961e+02
3.492280962316355613e+02
3.518866555157665630e+02
3.544826375995100420e+02
3.570140516279290068e+02
3.594797031082180183e+02
1.879119556517159007e+00
4.212468233750018776e+00
6.480470683564937495e+00
8.684317989276243210e+00
1.082559105440039815e+01
1.290618586900176545e+01
1.492824410610239205e+01
1.689409620446753735e+01
1.880620787476023281e+01
2.066713600385355321e+01
2.247949327742270142e+01
2.424591556072302723e+01
3.473371903414314943e+02
3.501291185576821476e+02
3.528516320779625062e+02
3.555018446555200740e+02
3.580779136289706344e+02
5.789449667000319266e-01
3.004882979601038340e+00
5.356396768728747482e+00
7.634766122158425539e+00
9.841772494058595555e+00
1.197959871057395276e+01
1.405073667720685116e+01
1.605790832753988084e+01
1.800399683357125369e+01
1.989198929979728447e+01
2.172492576149158694e+01
2.350586275113979795e+01
2.523784251245239219e+01
3.482502057182416593e+02
3.511204889992610561e+02
3.539100606459260234e+02
3.566161267179786591e+02
3.592371520467749519e+02
1.772715966989533376e+00
4.223359718579986932e+00
6.590431338587959154e+00
8.875936159591635288e+00
1.108240009196639519e+01
1.321274269520437983e+01
1.527017052493121518e+01
1.725808457804074436e+01
1.918000243807507843e+01
2.103949639596483578e+01
2.284014246791242186e+01
2.458548250771667298e+01
2.627899357348408316e+01
3.492599846896718532e+02
3.522132482325465617e+02
3.550726131193223978e+02
3.578355637110119574e+02
5.010872512949653412e-01
3.069470295813367944e+00
5.542082703010463796e+00
7.921170191165483487e+00
1.020966490150416384e+01
1.241101252367187691e+01
1.452902436995272595e+01
1.656774881949150213e+01
1.853136969713180449e+01
2.042412281946491603e+01
2.225023062844903166e+01
2.401385266384966144e+01
2.571904974961106305e+01
2.736975602974803223e+01
3.503796209434935349e+02
3.534202300936515257e+02
3.563515288329309669e+02
3.591715502756615024e+02
1.880104767906451979e+00
4.478487512118973335e+00
6.969186200861923197e+00
9.355617820907657034e+00
1.164187843253747445e+01
1.383253505694186281e+01
1.593245607003829356e+01
1.794666824680618333e+01
1.988024478429037245e+01
2.173821999998954624e+01
2.352552537387946430e+01
2.524694498628822714e+01
2.690708303036107552e+01
2.851034680337730975e+01
3.516245365823179441e+02
3.547562229706610992e+02
3.577607010139797694e+02
6.368173977932576335e-01
3.385610370138298908e+00
6.009780870792085672e+00
8.513302790669118991e+00
1.090107645050408003e+01
1.317863538023506109e+01
1.535189464346384902e+01
1.742696041956796904e+01
1.940997447422511613e+01
2.130700156912283560e+01
2.312394773119565627e+01
2.486650236273967352e+01
2.654010287563781034e+01
2.814991454937620929e+01
2.970081985143004744e+01
3.530128082274961798e+02
3.562387622209946016e+02
3.593163244596690333e+02
2.245940049144343309e+00
5.030427761811323784e+00
7.674397098758793945e+00
1.018375181493648007e+01
1.256525759612214976e+01
1.482618874907568518e+01
1.697404934443953195e+01
1.901636560487250804e+01
2.096052666277963539e+01
2.281368119458176125e+01
2.458266544443844737e+01
2.627396110115032357e+01
2.789367338465849144e+01
2.944752663829696004e+01
3.094086949222052851e+01
3.545662981865058327e+02
3.578878784471990571e+02
1.036511418329386647e+00
4.014884609933840665e+00
6.828295503599756344e+00
9.483897353436301358e+00
1.199006219010506769e+01
1.435584707613254984e+01
1.659059947561771153e+01
1.870365986181963081e+01
2.070414517936473331e+01
2.260080966066940888e+01
2.440195892317068882e+01
2.611539548933681942e+01
2.774840448638758161e+01
2.930775383108542442e+01
3.079970925363642564e+01
3.223005859816623797e+01
3.563104555977283212e+02
3.597268869813583478e+02
2.941871945687910106e+00
5.961367289843833461e+00
8.794076966112234217e+00
1.145047606868283374e+01
1.394200933765754691e+01
1.628049797532456111e+01
1.847770220313870482e+01
2.054503184183916176e+01
2.249334673967381448e+01
2.433285223224535443e+01
2.607304648836206340e+01
2.772270736897291954e+01
2.928990720364847888e+01
3.078204478143645062e+01
3.220588679272655241e+01
3.356761529914003717e+01
3.582755231822937958e+02
1.782654999617593550e+00
5.055518290950453242e+00
8.104714355221991795e+00
1.094352498048541023e+01
1.358664676197168042e+01
1.604929246114592090e+01
1.834652181305508378e+01
2.049282983242193623e+01
2.250188632046857151e+01
2.438639982802568440e+01
2.615806568958740996e+01
2.782757094863120884e+01
2.940463274826912254e+01
3.089805834896960590e+01
3.231581580060348102e+01
3.366510683322207598e+01
3.495244125690864223e+01
4.972371706508845191e-01
4.085957961039782482e+00
7.403072063934677871e+00
1.046565250485172349e+01
1.329294203516359474e+01
1.590489695916674506e+01
1.832118684377346440e+01
2.056056567177150640e+01
2.264052028934616345e+01
2.457710741005158894e+01
2.638491231458325714e+01
2.807709034141630866e+01
2.966545322142055241e+01
3.116057063931456739e+01
3.257189014804086469e+01
3.390785206649101013e+01
3.517599996194964973e+01
3.638308434096062882e+01
3.017406633940210359e+00
6.671479324549900447e+00
1.001234610570481642e+01
1.306577393284628030e+01
1.585858775752231509e+01
1.841706574461224477e+01
2.076598717202961453e+01
2.292814188800378972e+01
2.492414732972063263e+01
2.677245201030173760e+01
2.848944443904443702e+01
3.008962254426349503e+01
3.158577939324027284e+01
3.298919310186052911e+01
3.430980933197183447e+01
3.555640774331703824e+01
3.673675101562106704e+01
3.785771614066069901e+01
5.884367559882913490e+00
9.577547784451192925e+00
1.291261376193908106e+01
1.592667709446929436e+01
1.865582080732600190e+01
2.113360424150566175e+01
2.339037867882712263e+01
2.545311157357697951e+01
2.734550130847593863e+01
2.908822648755880280e+01
3.069926659523555301e+01
3.219423032688993658e+01
3.358666653598568530e+01
3.488835156058839715e+01
3.610953501488822326e+01
3.725916299595129288e+01
3.834506549002891518e+01
3.937411764538703096e+01
9.152686310994297969e+00
1.284507428421121311e+01
1.613332102877259544e+01
1.906866852104498378e+01
2.169794326800329998e+01
2.406260340000671505e+01
2.619867397040751911e+01
2.813711531217471418e+01
2.990437523454687607e+01
3.152298458710761864e+01
3.301214008840813818e+01
3.438820410136906958e+01
3.566516283712702773e+01
3.685500585509965532e+01
3.796804605081450035e+01
3.901318917553501819e+01
3.999815543082999625e+01
4.092966675585600456e+01
1.288155701553092491e+01
1.651529318158290138e+01
1.970176830713127103e+01
2.250873420288205295e+01
2.499455226447822653e+01
2.720851998404414473e+01
2.919184826310698000e+01
3.097884592459092445e+01
3.259803637758237471e+01
3.407316638173605128e+01
3.542407363307958690e+01
3.666739277539414132e+01
3.781713383167187459e+01
3.888515541884866877e+01
3.988154549973784668e+01
4.081493004749052744e+01
4.169272449923030877e+01
4.252133197753285287e+01
1.713101767075773552e+01
2.062589180427145052e+01
2.363980644918164131e+01
2.625792589563851465e+01
2.854959591506812089e+01
3.057079355163583045e+01
3.236661308410610616e+01
3.397346033866804760e+01
3.542084904149744062e+01
3.673283738674585663e+01
3.792915763877233815e+01
3.902610120253250869e+01
4.003720869108710190e+01
4.097380929836513985e+01
4.184544451003072396e+01
4.266019998192813745e+01
4.342497202817391155e+01
4.414567755005656124e+01
2.195454794612957983e+01
2.520483112608070897e+01
2.795917068891151303e+01
3.031810787548397101e+01
3.235919881687416932e+01
3.414242007797739120e+01
3.571445295940133491e+01
3.711193112147790885e+01
3.836387078739774381e+01
3.949346734718063345e+01
4.051943977456846824e+01
4.145702940393518077e+01
4.231875445492113386e+01
4.311498233891514076e+01
4.385436710193597065e+01
4.454418754210348652e+01
4.519060759169362029e+01
4.579888468478650765e+01
