6.301766175912700163e+00
8.231511453780116838e+00
1.014409773397040126e+01
1.204014641470579328e+01
1.392033309157090315e+01
5.007987902239338318e+00
6.950124472425375011e+00
8.871991405794473096e+00
1.077425833659038368e+01
1.265765653348151076e+01
1.452297779781399356e+01
5.707533099713534952e+00
7.643335487537205708e+00
9.556156050608734631e+00
1.144679230365412259e+01
1.331610879969924177e+01
1.516503550217674245e+01
6.454518253529006877e+00
8.382777548355493380e+00
1.028518744043510047e+01
1.216269543305369005e+01
1.401632092667034435e+01
1.584714092523733342e+01
5.301483754180460473e+00
7.250655730458689163e+00
9.169919229910318492e+00
1.106031822628900052e+01
1.292297949204692742e+01
1.475909782439841145e+01
1.656992354146057167e+01
6.155960490749014191e+00
8.097770965340775007e+00
1.000631826106885569e+01
1.188285425313883259e+01
1.372871313276196759e+01
1.554528902960024617e+01
1.733403043091723461e+01
5.094392905032514740e+00
7.065150111867759541e+00
8.997739745691998081e+00
1.089356287662071132e+01
1.275419735929675724e+01
1.458105145195963992e+01
1.637582656326066299e+01
1.814019013185984974e+01
6.068106364748725667e+00
8.031370264561253691e+00
9.952546572369321609e+00
1.183332353990985908e+01
1.367547522808467342e+01
1.548083956459766064e+01
1.725129803808252049e+01
1.898875969340293679e+01
5.102083674877095021e+00
7.103502902242949446e+00
9.056842171394587027e+00
1.096402428507320082e+01
1.282707229844385033e+01
1.464808033657735997e+01
1.642918819846707734e+01
1.817256188738461375e+01
1.988037654061769999e+01
6.210257165230080645e+00
8.203476098921525406e+00
1.014402638565150205e+01
1.203423328089753497e+01
1.387650320890645439e+01
1.567329100881580040e+01
1.742707370233416242e+01
1.914032986849527873e+01
2.081552030895531047e+01
5.347225168600373557e+00
7.389122569527167173e+00
9.370927535888530002e+00
1.129533676023614319e+01
1.316513955257330082e+01
1.498317676762881412e+01
1.675230643398139918e+01
1.847537632579490463e+01
2.015520514553607256e+01
2.179455837769350168e+01
6.610132777366236390e+00
8.642203639169846241e+00
1.060880011330322148e+01
1.251318599711582991e+01
1.435867862780915871e+01
1.614860460068020132e+01
1.788626545275156232e+01
1.957491043575094380e+01
2.121771702721364150e+01
2.281777794802012949e+01
5.862446159843851312e+00
7.955170459576364372e+00
9.973078316916330621e+00
1.192002509530627741e+01
1.379992270245695885e+01
1.561668119013482681e+01
1.737416414251475416e+01
1.907615329294405981e+01
2.072632702819641537e+01
2.232824206103128262e+01
2.388532461451107736e+01
5.141468543931243751e+00
7.306953425630564602e+00
9.386707385732094622e+00
1.138533094037522098e+01
1.330748396927839394e+01
1.515780811506088277e+01
1.694086808399972810e+01
1.866110951674831142e+01
2.032282754545843773e+01
2.193015003253016815e+01
2.348702549605178902e+01
2.499721904372306724e+01
6.694403062240992242e+00
8.848301632061891908e+00
1.090912195972889265e+01
1.288247534681878292e+01
1.477393060673446712e+01
1.658893711777409052e+01
1.833277033772127496e+01
2.001049542023672245e+01
2.162694542817340704e+01
2.318670947814812422e+01
2.469413099254387589e+01
2.615331059884850617e+01
6.114001047910756270e+00
8.356578633900362263e+00
1.049187185119563992e+01
1.252671697758801272e+01
1.446787207392398322e+01
1.632191423901186056e+01
1.809516989581281265e+01
1.979367035613298853e+01
2.142312721281521348e+01
2.298892178727182056e+01
2.449610660272707108e+01
2.594941186967593794e+01
2.735326137719262718e+01
5.561685401600775513e+00
7.910356247877087021e+00
1.013462796023777912e+01
1.224293818719343641e+01
1.424358863613865900e+01
1.614461206867466814e+01
1.795368078724466798e+01
1.967805097229792466e+01
2.132453805761829813e+01
2.289950897531297613e+01
2.440888970364300192e+01
2.585818130619419364e+01
2.725248246403180730e+01
2.859651540036042050e+01
5.032669646758922255e+00
7.508620439940539626e+00
9.839249693793455265e+00
1.203511088099688386e+01
1.410655530758291398e+01
1.606351808156044569e+01
1.791541578965699344e+01
1.967107794311179703e+01
2.133872080722847642e+01
2.292594855575358892e+01
2.443977156746125701e+01
2.588663659787313165e+01
2.727246397252980259e+01
2.860268390574345787e+01
2.988228023896736829e+01
7.150456422642832877e+00
9.608566192554937047e+00
1.190877972399500528e+01
1.406417991201258921e+01
1.608725308101802298e+01
1.798970345758223033e+01
1.978241021809038358e+01
2.147538373473910411e+01
2.307779335802069554e+01
2.459800703430671831e+01
2.604363695014982483e+01
2.742160245390595819e+01
2.873819061588105583e+01
2.999911459848510731e+01
3.120957017164283442e+01
6.834802200797339466e+00
9.446575873927839595e+00
1.187150936498114717e+01
1.412644017936040441e+01
1.622728141183930717e+01
1.818882435316119128e+01
2.002462674081571592e+01
2.174703690330865058e+01
2.336723025605432369e+01
2.489528288739672135e+01
2.634025953330280601e+01
2.771030690276967334e+01
2.901274583168461518e+01
3.025415882872729156e+01
3.144047241002463977e+01
3.257702917731004533e+01
6.561923801906736742e+00
9.360348924134431314e+00
1.193493501988431049e+01
1.430782364656264960e+01
1.649970604377962857e+01
1.852955940450194561e+01
2.041456211510577390e+01
2.217014027522071018e+01
2.381005553121586615e+01
2.534656167992801912e+01
2.679053850604430664e+01
2.815163739635141127e+01
2.943842887714912138e+01
3.065853023228392615e+01
3.181872455009845524e+01
3.292506182744062215e+01
3.398295048773488958e+01
6.331329078344656303e+00
9.358888899071510892e+00
1.211428757950074520e+01
1.462733149784276776e+01
1.692551052799560196e+01
1.903366267576258863e+01
2.097389527199458925e+01
2.276574643981644286e+01
2.442636229707645512e+01
2.597078047895508135e+01
2.741214993410180512e+01
2.876197284225033002e+01
3.003033024876759782e+01
3.122607000046915715e+01
3.235697460346602128e+01
3.342990841056114704e+01
3.445094403410971751e+01
3.542547327895783127e+01
9.456374545571677004e+00
1.243223971647405790e+01
1.511240755153612270e+01
1.753433625634722048e+01
1.973122057084950143e+01
2.173204758622086530e+01
2.356192613559302274e+01
2.524249567042553721e+01
2.679236502916825202e+01
2.822754909241998078e+01
2.956184006398457242e+01
3.080714325514750485e+01
3.197375689026556955e+01
3.307061816653799013e+01
3.410551231403643158e+01
3.508524596298578757e+01
3.601578868207481321e+01
3.690240562030978566e+01
1.292222593822092591e+01
1.580251649844217887e+01
1.836780262907024053e+01
2.066358359026324365e+01
2.272865354072623134e+01
2.459582073217747933e+01
2.629273601403199123e+01
2.784266192880304658e+01
2.926523227138527616e+01
3.057703425691001797e+01
3.179214299456269188e+01
3.292254429329538112e+01
3.397848342013876533e+01
3.496876663176342248e+01
3.590099464579595434e+01
3.678175858822491762e+01
3.761680218893874184e+01
3.841115594062959815e+01
1.675629968757723987e+01
1.948594977167493525e+01
2.188886070080137713e+01
2.401815598420167319e+01
2.591745354792064404e+01
2.762246651403275166e+01
2.916252335465969736e+01
3.056175684075658339e+01
3.184017385705961090e+01
3.301438473221487868e+01
3.409829489764807420e+01
3.510359696284304931e+01
3.604019129950668088e+01
3.691649723058051791e+01
3.773972239613325996e+01
3.851607383043833721e+01
3.925092408472477246e+01
3.994895118723621152e+01
2.097804323675520877e+01
2.349091827259842447e+01
2.567701738721053317e+01
2.759528856241805528e+01
2.929240288795922709e+01
3.080547020957830640e+01
3.216421917018961096e+01
3.339264113783479360e+01
3.451024218107624364e+01
3.553300948449049201e+01
3.647414501969393541e+01
3.734463341860868013e+01
3.815368158719537917e+01
3.890905975424141872e+01
3.961737105110994150e+01
4.028425907039929399e+01
4.091458177356564363e+01
4.151254224829402517e+01
2.559494847453108690e+01
2.781539844087515689e+01
2.972502541587230596e+01
3.138510294606356865e+01
3.284255906051559748e+01
3.413374851701863832e+01
3.528713466569733725e+01
3.632525643528649084e+01
3.726616729927119565e+01
3.812446579072942399e+01
3.891207251473818474e+01
3.963881239861334649e+01
4.031285134081036148e+01
4.094103173456549172e+01
4.152912783883679282e+01
4.208205063258368028e+01
4.260400414103796862e+01
4.309861292986584402e+01
3.059382545048968538e+01
3.244094469365403910e+01
3.401283901439670387e+01
3.536790498795323145e+01
3.654956834768410801e+01
3.759065489331073451e+01
3.851638853299181164e+01
3.934643829378663327e+01
4.009635423370108498e+01
4.077856511280221241e+01
4.140313212000432230e+01
4.197827737647212842e+01
4.251078991582757993e+01
4.300632052920705917e+01
4.346961587650502423e+01
4.390469402270542787e+01
4.431498089729110035e+01
4.470341855418475063e+01
